4
7

e
r
a

Year 

Year 01 

Year  02 

Year  03 

Year  04 

Year  05 

Year  06 

Year  07 

Year  08 

Year  09 

Year  10 

Year 11 

Year 12 

Year  13 

Year  14 

Year 15 

Year  16 

Year  17 

Year  18 

Year 19 

Year  20 

Year  21 

Year  22 

Year  23 

Year  24 

Year  25 

Year  26 

Year  27 

Year  28 

Year  29 

Year  30 

Year 31 

TOTAL NEW TAX REVENUE 
post abatement annual average tax revenue 

TOTAL 

TM  NCatlawayR- 

Real  Property 
Net  Tax 

Pérsdhal Property  | 
Net  Tax 

750,586 
6,635,170 
9,351,222 
9,173,311 
8,995,682 
8,818,343 
8,641,303 
8,464,570 
8,288,154 
8,112,064 
7,936,311 
7,760,903 
7,585,852 
7,411,169 
7,236,864 
7,062,948 
6,889,434 
6,716,333 
6,543,658 
6,371,422 
6,199,637 
6,028,318 
5,857,477 
5,687,131 
5,517,292 
35,653,186 
34,528,018 
33,406,553 
32,288,904 
31,175,184 
30,065,510 

508,087 
30,628,981 
24,126,180 
17,755,267 
11,823,431 
6,486,031 
6,168,422 
34,147,075 
25,378,016 
19,153,412 
13,324,548 
8,051,258 
7,765,254 
35,787,751 
27,173,560 
21,236,157 
15,694,581 
10,708,493 
10,708,493 
38,981,840 
30,499,836 
24,562,433 
19,020,857 
14,034,769 
14,034,769 
282,054,109 
225,507,414 
185,924,728 
148,980,888 
115,740,302 
115,740,302 
1,916,859,750 

Net  Tax 

3,425,322 
78,225,768 
75,319,391 
63,041,766 
51,570,509 
41,190,632 
40,019,925 
90,756,181 
74,084,422 
62,081,231 
50,805,092 
40,549,236 
39,443,112 
90,266,602 
73,885,942 
62,416,807 
51,675,101 
41,953,741 
41,380,148 
92,671,920 
76,542,112 
65,081,602 
54,348,778 
44,636,566 
44,072,397 
419,230,457 
344,322,534 
291,380,333 
241,859,937 
197,139,409 
195,455,340 
3,138,832,314 
281,564,668 

NCatlawayFPD 
Reat  Property 
Net  Tax 

'  Personal Property 
Net Tax 

467,384 
4,131,672 
5,822,938 
5,712,155 
5,601,546 
5,491,119 
5,380,877 
5,270,827 
5,160,974 
5,051,324 
4,941,883 
4,832,658 
4,723,656 
4,614,881 
4,506,343 
4,398,047 
4,290,001 
4,182,212 
4,074,689 
3,967,438 
3,860,469 
3,753,790 
3,647,409 
3,541,335 
3,435,578 
3,330,147 
3,225,052 
3,120,303 
3,015,910 
2,911,884 
2,808,236 

316,382 
19,072,446 
15,023,198 
11,056,076 
7,362,365 
4,038,805 
3,841,032 
21,263,137 
15,802,707 
11,926,691 
8,297,100 
5,013,461 
4,835,368 
22,284,774 
16,920,780 
13,223,602 
9,772,902 
6,668,101 
6,668,101 
24,273,711 
18,992,028 
15,294,850 
11,844,151 
8,739,350 
8,739,350 
26,344,959 
21,063,276 
17,366,098 
13,915,399 
10,810,598 
10,810,598 
520,854,135 

 
 
CC Gen  Rev 

Daniel Bodne Library 

RD 

&  BRG 

"RST 

Real Property  /SBeisGnal/Property 

Real  Property 

Personal Property  |  Real  Property 

'  Parsonal  Property 

| 

Real  Property 

Personal  Property 

Net Tax 

Net Tax 

Net Tax 

Net Tax 

Net Tax 

Net Tax 

Net Tax 

Net Tax 

50,895 

449,908 

634,074 

622,011 

609,966 

597,942 

585,937 

573,954 

$61,991 
550,051 

538,134 

526,240 

$14,371 

502,526 

490,707 

478,914 

467,149 

455,412 

443,703 

432,024 

420,376 

408,760 

397,176 

385,625 

374,109 

2,417,521 

2,341,227 

2,265,184 

2,189,400 

2,113,883 

2,038,639 

34,452 

2,076,846 

1,635,914 

1,203,924 

801,706 

439,796 

418,260 

2,315,396 

1,720,796 
1,298,727 

903,492 

$45,928 

526,535 

2,426,645 

1,842,546 

1,439,951 

1,064,196 

726,106 

726,106 

2,643,225 

2,068,090 

1,665,495 

1,289,739 

951,650 

951,650 

19,125,124 

15,290,887 

12,606,920 

10,101,884 

7,847,954 

7,847,954 
129,975,704 

39,583 

349,914 

493,148 

483,766 

474,398 

465,046 

455,709 

446,389 

437,086 
427,799 

418,531 

409,281 

400,049 

390,837 

381,645 

372,473 

363,323 

354,194 

345,088 

336,005 

326,945 

317,911 

308,901 

299,918 

290,961 

1,880,213 

1,820,876 

1,761,735 

1,702,794 

1,644,061 

1,585,541 

26,795 

39,400 

26,671 

15,102 

1,615,256 

348,299 

1,607,801 

133,506 

1,272,323 

936,345 

623,523 

342,049 

325,299 

1,800,787 

1,338,340 
1,010,078 

702,686 

424,593 

409,510 

1,887,310 

1,433,030 

1,119,914 

827,673 

564,725 

564,725 

2,055,754 

1,608,445 

1,295,329 

1,003,088 

740,140 

740,140 

490,872 

481,533 

472,209 

462,900 

453,606 

444,329 

435,068 
425,825 

416,599 

407,392 

398,203 

389,033 

379,883 

370,754 

361,646 

352,559 

343,495 

334,454 

325,436 

316,443 

307,475 

298,533 

289,618 

14,874,461 

1,871,536 

11,892,404 

9,804,963 

7,856,686 

6,103,703 

6,103,703 
101,087,894 

1,812,472 

1,753,604 

1,694,935 

1,636,473 

1,578,223 

1,266,451 

932,024 

620,645 

340,470 

323,798 

1,792,476 

1,332,163 
1,005,416 

699,443 

422,633 

407,620 

1,878,599 

1,426,416 

1,114,745 

823,852 

562,119 

562,119 

2,046,266 

1,601,022 

1,289,351 

998,458 

736,724 

736,724 

14,805,810 

11,837,515 

9,759,709 

7,820,424 

6,075,532 

6,075,532 
100,621,334 

188,155 

184,575 

181,001 

177,433 

173,871 

170,315 

166,765 
163,222 

159,686 

156,156 

152,634 

149,119 

145,612 

142,113 

138,622 

135,139 

131,664 

128,199 

124,742 

121,295 

117,858 

114,430 

111,013 

717,374 

694,734 

672,170 

649,681 

627,272 

604,945 

10,223 

616,282 

485,440 

357,252 

237,898 

130,505 

124,114 

687,069 

510,628 
385,384 

268,102 

161,998 

156,244 

720,081 

546,756 

427,290 

315,789 

215,464 

215,464 

784,349 

613,684 

494,218 

382,717 

282,392 

282,392 

5,675,179 

4,537,409 

3,740,971 

2,997,628 

2,328,798 

2,328,798 
38,568,920 

State 

Ambulance 

] 

: 

Commercial  Real  Estate  Surcharge 

Real  Property  |  Personal  Property 

Real  Property  |  Personal Property  | 

Real  Property 

Net Tax 

Net  Tax 

Net  Tax 

Net  Tax 

Net  Tax 

.

T
S

E
E
E

Y
E

r
e
u
q

e
c
a

4,567 

40,375 
56,902 
55,819 

54,738 

53,659 

52,582 
51,506 
50,433 
49,361 
48,292 
47,225 
46,160 
45,097 
44,036 
42,978 
41,922 
40,869 
39,818 
38,770 
37,724 
36,682 
35,642 
34,606 
33,572 
216,948 
210,101 
203,277 
196,476 
189,699 
182,947 

3,092 

186,376 
146,806 
108,040 

71,945 

39,467 

37,535 
207,783 
154,424 
116,547 
81,079 
48,991 
47,251 
217,767 
165,350 
129,221 
95,501 
65,161 
65,161 
237,202 
185,590 
149,461 
115,741 
85,401 
85,401 
1,716,284 
1,372,200 
1,131,342 
906,541 
704,273 
704,273 
11,663,988 

9,338 

82,544 
116,332 
114,119 

111,909 

109,703 

107,501 
105,302 
103,107 
100,917 
98,730 
96,548 
94,371 
92,197 
90,029 
87,865 
85,707 
83,553 
81,405 
79,263 
77,126 
74,994 
72,869 
70,750 
68,637 
66,531 
64,431 
62,338 
60,253 
58,174 
56,104 

6,321 

381,035 
300,138 
220,881 

147,087 

80,688 

76,737 
424,801 
315,711 
238,275 
165,762 
100,160 
96,602 
445,212 
338,048 
264,185 
195,246 
133,217 
133,217 
484,947 
379,428 
305,565 
236,626 
174,597 
174,597 
526,327 
420,808 
346,945 
278,006 
215,977 
215,977 
10,405,772 

1,116,445 

9,869,358 
13,909,299 
13,644,669 

13,380,458 

13,116,679 

12,853,343 
12,590,465 
12,328,059 
12,066,137 
11,804,716 

11,543,810 
11,283,434 

11,023,604 
10,764,337 
10,505,650 
10,247,559 
9,990,084 
9,733,241 
9,477,052 
9,221,534 
8,966,  708 
8,712,595 
8,459,216 
8,206,593 
7,954,749 
7,703,708 
7,453,493 
7,204,128 
6,955,641 
6,708,057 
308,794,817 

 
 
 
 
 
ASSUMPTIONS 

Ambulance and Fire Distuict will opt out of Chp 100 

25  year term  -  85%  reai  /  65%  personal sbatement 

*Increases  school  annual  revenue  by  438% 

by  31% 
“increases  CC  annual revenue 

e
a

 
